  0.100000000E+00  0.150000000E-07  0.999550000E+00
  0.449985000E-03
  0.110517092E+00  0.223724804E-07  0.999392667E+00  0.607311042E-03
  0.122140276E+00  0.333666902E-07  0.999180370E+00  0.819597120E-03
  0.134985881E+00  0.497599457E-07  0.998893944E+00  0.110600587E-02
  0.149182470E+00  0.741998784E-07  0.998507575E+00  0.149235087E-02
  0.164872127E+00  0.110628711E-06  0.997986509E+00  0.201338021E-02
  0.182211880E+00  0.164912451E-06  0.997284012E+00  0.271582351E-02
  0.201375271E+00  0.245772036E-06  0.996337313E+00  0.366244129E-02
  0.222554093E+00  0.366157477E-06  0.995062258E+00  0.493737545E-02
  0.245960311E+00  0.545268039E-06  0.993346291E+00  0.665316422E-02
  0.271828183E+00  0.811506795E-06  0.991039350E+00  0.895983884E-02
  0.300416602E+00  0.120677125E-05  0.987942254E+00  0.120565395E-01
  0.332011692E+00  0.179262402E-05  0.983792186E+00  0.162060212E-01
  0.366929667E+00  0.265904949E-05  0.978245160E+00  0.217521809E-01
  0.405519997E+00  0.393665090E-05  0.970855891E+00  0.291401725E-01
  0.448168907E+00  0.581319975E-05  0.961056620E+00  0.389375673E-01
  0.495303242E+00  0.855525704E-05  0.948138388E+00  0.518530572E-01
  0.547394739E+00  0.125348695E-04  0.931241364E+00  0.687461010E-01
  0.604964746E+00  0.182596958E-04  0.909365142E+00  0.906165982E-01
  0.668589444E+00  0.264018872E-04  0.881414756E+00  0.118558842E+00
  0.738905610E+00  0.378164802E-04  0.846301269E+00  0.153660914E+00
  0.816616991E+00  0.535348013E-04  0.803112426E+00  0.196834039E+00
  0.902501350E+00  0.747153304E-04  0.751352454E+00  0.248572831E+00
  0.997418245E+00  0.102538846E-03  0.691216058E+00  0.308681403E+00
  0.110231764E+01  0.138051836E-03  0.623816296E+00  0.376045653E+00
  0.121824940E+01  0.181991285E-03  0.551254700E+00  0.448563309E+00
  0.134637380E+01  0.234651365E-03  0.476442491E+00  0.523322857E+00
  0.148797317E+01  0.295854992E-03  0.402671629E+00  0.597032516E+00
  0.164446468E+01  0.365057071E-03  0.333055977E+00  0.666578966E+00
  0.181741454E+01  0.441547736E-03  0.270034102E+00  0.729524350E+00
  0.200855369E+01  0.524681637E-03  0.215090830E+00  0.784384488E+00
  0.221979513E+01  0.614060243E-03  0.168741922E+00  0.830644017E+00
  0.245325302E+01  0.709630010E-03  0.130716687E+00  0.868573683E+00
  0.271126389E+01  0.811700508E-03  0.100226604E+00  0.898961695E+00
  0.299641000E+01  0.920910314E-03  0.762243452E-01  0.922854744E+00
  0.331154520E+01  0.103817160E-02  0.576017380E-01  0.941360090E+00
  0.365982344E+01  0.116461569E-02  0.433151597E-01  0.955520225E+00
  0.404473044E+01  0.130155079E-02  0.324496394E-01  0.966248810E+00
  0.447011845E+01  0.145043528E-02  0.242403607E-01  0.974309204E+00
  0.494024491E+01  0.161286510E-02  0.180688757E-01  0.980318259E+00
  0.545981500E+01  0.179057261E-02  0.134467610E-01  0.984762666E+00
  0.603402876E+01  0.198543377E-02  0.999479862E-02  0.988019768E+00
  0.666863310E+01  0.219948149E-02  0.742218929E-02  0.990378329E+00
  0.736997937E+01  0.243492324E-02  0.550795263E-02  0.992057124E+00
  0.814508687E+01  0.269416201E-02  0.408528103E-02  0.993220557E+00
  0.900171313E+01  0.297981983E-02  0.302887690E-02  0.993991303E+00
  0.994843156E+01  0.329476371E-02  0.224496378E-02  0.994460273E+00
  0.109947172E+02  0.364213374E-02  0.166354459E-02  0.994694322E+00
  0.121510418E+02  0.402537353E-02  0.123247545E-02  0.994742151E+00
  0.134289780E+02  0.444826307E-02  0.912969176E-03  0.994638768E+00
  0.148413159E+02  0.491495417E-02  0.676205520E-03  0.994408840E+00
  0.164021907E+02  0.543000877E-02  0.500787384E-03  0.994069204E+00
  0.181272242E+02  0.599844025E-02  0.370838500E-03  0.993630721E+00
  0.200336810E+02  0.662575808E-02  0.274584299E-03  0.993099658E+00
  0.221406416E+02  0.731801590E-02  0.203295207E-03  0.992478689E+00
  0.244691932E+02  0.808186342E-02  0.150500860E-03  0.991767636E+00
  0.270426407E+02  0.892460215E-02  0.111406375E-03  0.990963991E+00
  0.298867401E+02  0.985424527E-02  0.824590390E-04  0.990063296E+00
  0.330299560E+02  0.108795816E-01  0.610268340E-04  0.989059392E+00
  0.365037468E+02  0.120102440E-01  0.451600321E-04  0.987944596E+00
  0.403428793E+02  0.132567816E-01  0.334144489E-04  0.986709804E+00
  0.445857770E+02  0.146307365E-01  0.247204408E-04  0.985344543E+00
  0.492749041E+02  0.161447245E-01  0.182858228E-04  0.983836990E+00
  0.544571910E+02  0.178125183E-01  0.135239349E-04  0.982173958E+00
  0.601845038E+02  0.196491349E-01  0.100003476E-04  0.980340865E+00
  0.665141633E+02  0.216709238E-01  0.739338022E-05  0.978321683E+00
  0.735095189E+02  0.238956571E-01  0.546485436E-05  0.976098878E+00
  0.812405825E+02  0.263426185E-01  0.403843040E-05  0.973653343E+00
  0.897847292E+02  0.290326899E-01  0.298356177E-05  0.970964327E+00
  0.992274716E+02  0.319884339E-01  0.220361080E-05  0.968009362E+00
  0.109663316E+03  0.352341681E-01  0.162704722E-05  0.964764205E+00
  0.121196707E+03  0.387960290E-01  0.120093002E-05  0.961202770E+00
  0.133943076E+03  0.427020203E-01  0.886080574E-06  0.957297094E+00
  0.148029993E+03  0.469820422E-01  0.653508343E-06  0.953017304E+00
  0.163598443E+03  0.516678939E-01  0.481764233E-06  0.948331624E+00
  0.180804241E+03  0.567932455E-01  0.354981021E-06  0.943206400E+00
  0.199819590E+03  0.623935690E-01  0.261422547E-06  0.937606170E+00
  0.220834799E+03  0.685060233E-01  0.192409656E-06  0.931493784E+00
  0.244060198E+03  0.751692819E-01  0.141525122E-06  0.924830577E+00
  0.269728233E+03  0.824232959E-01  0.104025137E-06  0.917576600E+00
  0.298095799E+03  0.903089815E-01  0.764037398E-07  0.909690942E+00
  0.329446808E+03  0.988678231E-01  0.560704679E-07  0.901132121E+00
  0.364095031E+03  0.108141384E+00  0.411118356E-07  0.891858575E+00
  0.402387239E+03  0.118170715E+00  0.301148544E-07  0.881829255E+00
  0.444706675E+03  0.128995660E+00  0.220364791E-07  0.871004318E+00
  0.491476884E+03  0.140654052E+00  0.161070432E-07  0.859345932E+00
  0.543165959E+03  0.153180803E+00  0.117588453E-07  0.846819185E+00
  0.600291222E+03  0.166606900E+00  0.857334684E-08  0.833393091E+00
  0.663424401E+03  0.180958309E+00  0.624213792E-08  0.819041685E+00
  0.733197354E+03  0.196254822E+00  0.453808855E-08  0.803745173E+00
  0.810308393E+03  0.212508871E+00  0.329403266E-08  0.787491125E+00
  0.895529270E+03  0.229724338E+00  0.238702241E-08  0.770275659E+00
  0.989712906E+03  0.247895421E+00  0.172670093E-08  0.752104577E+00
  0.109380192E+04  0.267005600E+00  0.124671917E-08  0.732994399E+00
  0.120883807E+04  0.287026758E+00  0.898402311E-09  0.712973241E+00
  0.133597268E+04  0.307918527E+00  0.646078221E-09  0.692081473E+00
  0.147647816E+04  0.329627904E+00  0.463633381E-09  0.670372096E+00
  0.163176072E+04  0.352089199E+00  0.331975140E-09  0.647910800E+00
  0.180337449E+04  0.375224355E+00  0.237162892E-09  0.624775645E+00
  0.199303704E+04  0.398943653E+00  0.169032770E-09  0.601056347E+00
  0.220264658E+04  0.423146835E+00  0.120186278E-09  0.576853165E+00
  0.243430094E+04  0.447724603E+00  0.852471836E-10  0.552275397E+00
  0.269031861E+04  0.472560467E+00  0.603160163E-10  0.527439533E+00
  0.297326189E+04  0.497532889E+00  0.425700506E-10  0.502467111E+00
  0.328596257E+04  0.522517626E+00  0.299703203E-10  0.477482374E+00
  0.363155027E+04  0.547390190E+00  0.210473054E-10  0.452609810E+00
  0.401348374E+04  0.572028316E+00  0.147443993E-10  0.427971684E+00
  0.443558551E+04  0.596314344E+00  0.103037641E-10  0.403685656E+00
  0.490208011E+04  0.620137397E+00  0.718324546E-11  0.379862603E+00
  0.541763638E+04  0.643395303E+00  0.499601641E-11  0.356604697E+00
  0.598741417E+04  0.665996163E+00  0.346682511E-11  0.334003837E+00
  0.661711602E+04  0.687859547E+00  0.240035381E-11  0.312140453E+00
  0.731304418E+04  0.708917288E+00  0.165839271E-11  0.291082712E+00
  0.808216375E+04  0.729113872E+00  0.114341667E-11  0.270886128E+00
  0.893217234E+04  0.748406458E+00  0.786801235E-12  0.251593542E+00
  0.987157710E+04  0.766764554E+00  0.540391938E-12  0.233235446E+00
  0.109097799E+05  0.784169415E+00  0.370490442E-12  0.215830585E+00
  0.120571715E+05  0.800613202E+00  0.253577694E-12  0.199386798E+00
  0.133252353E+05  0.816097973E+00  0.173281690E-12  0.183902027E+00
  0.147266625E+05  0.830634565E+00  0.118234247E-12  0.169365435E+00
  0.162754791E+05  0.844241412E+00  0.805607804E-13  0.155758588E+00
  0.179871862E+05  0.856943356E+00  0.548193162E-13  0.143056644E+00
  0.198789151E+05  0.868770479E+00  0.372573328E-13  0.131229521E+00
  0.219695989E+05  0.879757003E+00  0.252927079E-13  0.120242997E+00
  0.242801617E+05  0.889940259E+00  0.171522058E-13  0.110059741E+00
  0.268337287E+05  0.899359761E+00  0.116203633E-13  0.100640239E+00
  0.296558565E+05  0.908056381E+00  0.786550760E-14  0.919436195E-01
  0.327747902E+05  0.916071629E+00  0.531950944E-14  0.839283706E-01
  0.362217450E+05  0.923447050E+00  0.359486713E-14  0.765529505E-01
  0.400312191E+05  0.930223703E+00  0.242765736E-14  0.697762967E-01
  0.442413392E+05  0.936441760E+00  0.163836372E-14  0.635582405E-01
  0.488942415E+05  0.942140165E+00  0.110503240E-14  0.578598352E-01
  0.540364937E+05  0.947356392E+00  0.744908930E-15  0.526436078E-01
  0.597195614E+05  0.952126258E+00  0.501897412E-15  0.478737425E-01
  0.660003225E+05  0.956483793E+00  0.338009536E-15  0.435162071E-01
  0.729416370E+05  0.960461170E+00  0.227542407E-15  0.395388301E-01
  0.806129759E+05  0.964088664E+00  0.153119662E-15  0.359113361E-01
  0.890911166E+05  0.967394651E+00  0.103002875E-15  0.326053490E-01
  0.984609111E+05  0.970405632E+00  0.692677154E-16  0.295943677E-01
  0.108816136E+06  0.973146279E+00  0.465680192E-16  0.268537208E-01
  0.120260428E+06  0.975639494E+00  0.312990582E-16  0.243605058E-01
  0.132908328E+06  0.977906484E+00  0.210315675E-16  0.220935163E-01
  0.146886419E+06  0.979966839E+00  0.141292224E-16  0.200331611E-01
  0.162334599E+06  0.981838622E+00  0.949029456E-17  0.181613782E-01
  0.179407477E+06  0.983538454E+00  0.637329094E-17  0.164615461E-01
  0.198275926E+06  0.985081606E+00  0.427934735E-17  0.149183941E-01
  0.219128788E+06  0.986482087E+00  0.287294666E-17  0.135179133E-01
  0.242174763E+06  0.987752730E+00  0.192850034E-17  0.122472697E-01
  0.267644506E+06  0.988905280E+00  0.129437280E-17  0.110947195E-01
  0.295792924E+06  0.989950471E+00  0.868663211E-18  0.100495285E-01
  0.326901737E+06  0.990898105E+00  0.582908390E-18  0.910189474E-02
  0.361282293E+06  0.991757125E+00  0.391120020E-18  0.824287529E-02
  0.399278684E+06  0.992535682E+00  0.262412374E-18  0.746431775E-02
  0.441271189E+06  0.993241204E+00  0.176046107E-18  0.675879551E-02
  0.487680085E+06  0.993880452E+00  0.118097148E-18  0.611954761E-02
  0.538969848E+06  0.994459577E+00  0.792183874E-19  0.554042262E-02
  0.595653801E+06  0.994984173E+00  0.531359778E-19  0.501582669E-02
  0.658299258E+06  0.995459325E+00  0.356393438E-19  0.454067542E-02
  0.727533196E+06  0.995889651E+00  0.239029282E-19  0.411034948E-02
  0.804048530E+06  0.996279346E+00  0.160307835E-19  0.372065368E-02
  0.888611052E+06  0.996632221E+00  0.107508377E-19  0.336777938E-02
  0.982067092E+06  0.996951730E+00  0.720966854E-20  0.304827000E-02
  0.108535199E+07  0.997241011E+00  0.483476203E-20  0.275898934E-02
  0.119949946E+07  0.997502907E+00  0.324207433E-20  0.249709263E-02
  0.132565191E+07  0.997740000E+00  0.217400241E-20  0.226000009E-02
  0.146507194E+07  0.997954627E+00  0.145776424E-20  0.204537272E-02
  0.161915490E+07  0.998148910E+00  0.977475099E-21  0.185109024E-02
  0.178944291E+07  0.998324769E+00  0.655414577E-21  0.167523096E-02
  0.197764027E+07  0.998483947E+00  0.439459879E-21  0.151605348E-02
  0.218563051E+07  0.998628020E+00  0.294656346E-21  0.137197998E-02
  0.241549528E+07  0.998758419E+00  0.197563367E-21  0.124158104E-02
  0.266953513E+07  0.998876438E+00  0.132462107E-21  0.112356183E-02
  0.295029259E+07  0.998983250E+00  0.888120773E-22  0.101674959E-02
  0.326057757E+07  0.999079918E+00  0.595453688E-22  0.920082181E-03
  0.360349551E+07  0.999167402E+00  0.399227052E-22  0.832597760E-03
  0.398247844E+07  0.999246575E+00  0.267662990E-22  0.753425371E-03
  0.440131935E+07  0.999318224E+00  0.179454114E-22  0.681776411E-03
  0.486421015E+07  0.999383063E+00  0.120313832E-22  0.616936890E-03
  0.537578360E+07  0.999441740E+00  0.806631208E-23  0.558260408E-03
  0.594115969E+07  0.999494838E+00  0.540794246E-23  0.505161789E-03
  0.656599691E+07  0.999542889E+00  0.362565864E-23  0.457111304E-03
